Authors,Article Title,Latitude,Longitude,Publication Year,Study Location,Abstract,LINK
"Malik, Abdul; Ali, Muhammad Ichsan; et al.",Promoting sustainable mangrove tourism through payments for ecosystem services: Insights from Tongke-Tongke Village,-5.153087,120.2748,2025,"Tongke-Tongke Village, Sinjai District, South Sulawesi Province","Mangrove ecosystems support biodiversity, protect coastal areas, and provide sustainable livelihoods. However, they face significant threats from deforestation and unsustainable land use practices. This study examines the viability of the payments for ecosystem services (PES) programs in promoting sustainable mangrove tourism in Tongke-Tongke Village, Sinjai District, South Sulawesi Province, Indonesia. We collected data through household surveys, semi-structured stakeholder interviews, and tourist questionnaires to evaluate the economic value of mangrove tourism and tourists' willingness to pay (WTP) for conservation. Analytical methods included quantitative descriptive analysis, thematic analysis, travel cost analysis, and contingent valuation method. The results indicated strong community support, with 70.00% of respondents acknowledging sustainable mangrove tourism's economic, environmental, and cultural benefits. Economic estimates revealed that mangrove tourism generated 943.00 USD/(hm2 center dot a), while tourists' WTP for conservation ranged from 0.21 to 0.56 USD/(person center dot month), contributing approximately 11.39 USD/(hm2 center dot a). Despite challenges such as inadequate infrastructure, socioeconomic disparities, and land privatization, this study advocates for integrating the PES programs, enhancing governance frameworks, and fostering local community engagement to ensure equitable benefit distribution and maximize the potential of mangrove tourism. These strategies aim to bolster conservation efforts, improve local livelihoods, and strengthen the resilience of mangrove ecosystems.",https://www.sciencedirect.com/science/article/pii/S2666660X25000210?via%3Dihub
"Agustriani, Fitri; Iskandar, Iskhaq; et al.","Economic Valuation of Mangrove Ecosystem Services in Sembilang National Park of South Sumatra, Indonesia",-1.95,104.567,2023,"Sembilang National Park, Banyuasin District, South Sumatra","An ecosystem services valuation could provide significant improvements for the policy maker to monitor the mangrove ecosystem changes in coastal ecosystems. Therefore, this study aimed to measure the value of ecosystem service in Sembilang National Park (NSP), Banyuasin District, South Sumatra, Indonesia. Data collection used questionnaires and in-depth interviews with the target respondents being fishermen, farmers, and stakeholders who live in the mangrove ecosystem area. The total economic value (TEV) was used as an approach for calculating the various values of the mangrove services. Several methods have been developed to estimate the ecosystem services value. In this study, the market price method, benefits transfer method, replacement method, and travel cost method were applied to estimate the benefit value for provisioning, regulating, supporting, and cultural services. The result showed that the TEV of mangrove ecosystem services with an area of 88,556 ha was IDR 6,961,126,186,194 year-1 (US$ 467,974,555.06 year-1) or IDR 78,607,444 ha-1year-1 (US$ 5,284.5 ha-1year-1). The annual benefit values for provisioning, regulating, supporting, and cultural services were IDR 267,301,712,200, IDR 6,401,520,094,447, IDR 292,120,962,048, and IDR 183,417,500, respectively. The benefit value of regulating services (coastline protection and carbon sequestration) dominated the TEV of mangrove ecosystems in the SNP. To avoid the lost value of these mangrove services, conservation and restoration should receive a high priority in mangrove management and planning in the future. These research results could be used as baseline data for local governments in managing mangrove ecosystems through the establishment of a mangrove working group in South Sumatra Province. Therefore, the novelty of this research resided in the first economic valuation in the SNP using the TEV approach, as illustrated.",https://jonuns.com/index.php/journal/article/view/1275/1269
"Novizantara, Alfianur; Mulyadi, Aras; et al.","Calculating Economic Valuation of Mangrove Forest in Bengkalis Regency, Indonesia",1.4897,102.0797,2022,"Bengkalis Regency, Riau Province","This research aims to determine the total economic value of mangrove forests on Bengkalis Island, Bengkalis Regency, Indonesia. Data collection in the field was done through observation and interviews. The research was carried out from October 2020 to March 2021. The results showed that the total economic value of mangrove forests was US$ 5.8 million per year. This study uses Total Economic Value (TEV) as a framework for estimating the value of the benefits of mangrove forests in Bengkalis. In addition, another value taken into account in this study is the function of mangroves as abrasion barrier, barrier to seawater intrusion, and a provider of nutrients for marine biota. The results of this study underscore the importance of mangrove ecosystems for the economy of coastal areas.",https://www.iieta.org/journals/ijsdp/paper/10.18280/ijsdp.170528
"Marlianingrum, Peggy Ratna; Kusumastanto, et al.","Valuing habitat quality for managing mangrove ecosystem services in coastal Tangerang District, Indonesia",-6.026501,106.534907,2021,"Tangerang Coastal Area, Banten Province","Indonesia is the largest archipelagic state, and it possesses a large area of mangrove ecosystems. However, awareness of the ecosystem services produced by these ecosystems is relatively low. The aim of this study was to value the habitat quality of mangroves with respect to mangrove ecosystem services using a supply scheme framework as part of supporting ecosystem services. with the Tangerang Coastal Area of Banten Province, Indonesia serving as case study. The findings revealed that the habitat quality could be divided into three value categories: high, medium, and low. The mangrove ecosystem has the highest value at the US $189,027.25 per ha. Within the Tangerang Coastal District, the highest habitat quality value was in the Mauk Sub District, which has, therefore, been placed in the highest category. High habitat quality means that the mangroves can function and be used properly such as the place for spawning and breeding of biota that inhabit their ecosystem. This shows that good habitat quality will also have high economic value. Maintaining and managing mangroves well over the long term will yield the benefits of the mangrove ecosystem and contribute more to the growth of the regional economy.",https://linkinghub.elsevier.com/retrieve/pii/S0308597X21003584
"Warningsih, T.; Kusai, K.; Bathara, L.; et al.","Economic Valuation of Mangrove Ecosystem Services in Sungai Apit District, Siak Regency, Riau Province, Indonesia",1.1241,102.158,2021,"Sungai Apit District, Siak Regency, Riau Province","Abstract The mangrove ecosystem is one of the ecosystems that has high productivity in coastal and marine areas, especially in supporting the productivity of fishery resources. This is due to the function of the mangrove ecosystem as ecological and socio-economic. Therefore, to determine the high level of mangrove utilization in the coastal area of Siak Regency, an economic assessment of mangrove ecosystem services is necessary. This research aimed to study quantified mangrove ecosystem services in Siak Regency, Indonesia. Methods for data collection included field survey and interview, performed between July - August 2020. The economic value assessment comprised valuation on following service groups, i.e. supporting, provisioning, regulating and cultural services. The results showed that the economic value obtained from all studied services reached IDR 29,180,852,208 per year, IDR 24,747,680,000 per year, IDR 90,291,590,933 per year and IDR 9,245,925,366 per year, respectively. In conclusion, a total amount of economic value for mangrove ecosystem services in Sungai Apit District, Siak Regency was IDR 153,466,048,507,014 per year, which was equivalent to IDR 300,090,044,0 per hectare per year.",https://iopscience.iop.org/article/10.1088/1755-1315/695/1/012036
"Susilo, Heru; Takahashi, Yoshifumi; Yabe, Mitsuyasu","Evidence for Mangrove Restoration in the Mahakam Delta, Indonesia",-0.370606,117.502887,2017,"Mahakam Delta, East Kalimantan Province","Mangroves provide multiple benefits for local communities’ livelihoods. However, in the Mahakam delta mangroves have declined considerably. This study examines the factors affecting households’ willingness to pay (WTP) for mangrove restoration in three villages in the Mahakam delta and determines whether a mangrove restoration project would be viable and should be implemented in the study area or not. The contingent valuation method was applied through a double-bound dichotomous choice format to estimate the WTP for mangrove restoration. The results showed that over 80% of perception of respondents considered the benefits of mangroves were essential that associated with their livelihoods. Local residents tended to be willing to pay more for mangrove restoration when they acknowledged the benefits of mangroves and when they felt that the sustainability of mangrove ecosystems was their responsibility. The benefits transfer method was also used to estimate the costs and benefits of an ongoing mangrove restoration project in the study area. The benefits provided by mangroves, as estimated based on households’ WTP, clearly outweighed the costs for the mangrove restoration project. We conclude that mangrove restoration should be implemented in the study area by increasing local communities’ awareness and responsibility to protect and manage the mangrove a sustainable.",https://www.ccsenet.org/journal/index.php/jas/article/view/65344
"Waluyo Jati, Irawan; Pribadi, Rudhi","Economic Valuation as an Instrument to Determine The Management Strategy of Baros Mangrove Forest, Yogyakarta",-7.9834,110.3201,2018,"Baros Mangrove Forest, Bantul Regency, Yogyakarta Province","The Baros mangrove forest in Bantul Regency is now beginning to develop. Many government and private sectors programs are rolled out to support its development. The development of the Baros mangrove forest must be in accordance with the rules of conservation so that it will not damage the mangrove ecosystem. Mangrove forest has high economical and ecological value but is very vulnerable if lack of wisdom in maintaining, preserving and managing them. The involvement of government and other stakeholders are essential in determining management policies. Unawareness of society and the government to the importance of mangrove ecosystem can cause development of it becomes uncontrolled, consequently can destroy it. Mangrove forests are an important natural resource in coastal environments, and have three main functions: physical, biological, and economic functions. To quantify the functions of mangrove forests as the basis to determine the policy is required a research instrument called economic valuation. The approach of this study is the literature review from various studies before to perceive the influence of economic valuation in determining the management strategy of Baros mangrove forest in Bantul Regency, Yogyakarta, Indonesia.",https://www.e3s-conferences.org/articles/e3sconf/abs/2018/06/e3sconf_icenis2018_08024/e3sconf_icenis2018_08024.html
"Yenni, Novida; Restu, Restu; et al.","Restoration Program Effect through Conservation of Mangrove Forest in Kwala Gebang Village, Langkat District",4.017043,98.454563,2023,"Kwala Gebang Village, Gebang Sub-District, Langkat District","The restoration program aims to provide assistance to coastal communities in preserving mangrove forests and at the same time provide knowledge to the community about the importance of mangroves and the benefits that can be obtained from mangrove plants, so that mangroves can also help improve the socio-economic development of the community. The data collection techniques used in research are observation, interviews and documentation. The data analysis technique used in this research is descriptive qualitative, used to analyze and systematically process facts obtained from the field assisted by frequency tables. The limit of this research especially analyzed the effects of the socio-economy. The economic impact cannot be separated from activities involving the community starting from clearing land, searching for seeds, nurseries, planting and maintenance. The amount of work done by group members determines the results or income they will obtain. From the results of the data in the field, apart from the social impact that fosters concern for mangrove preservation and mutual cooperation created from togetherness in groups, it can also be seen that the influence of restoration activities on the economy is the involvement of farmer group members, most of whom are involved in seeding and planting. Work is carried out in groups, especially for planting. If you look at the highest income obtained from restoration activities, it is around IDR 401,000 – IDR 500,000 per activity and this is only obtained by 1 person (head of the farmer group), and the majority earn IDR 201,000 – IDR 300,000 (43.47%).",https://www.randwickresearch.com/index.php/rissj/article/view/819/1003
Boby S. B. Sampe; Femy M. Sahami; Abdul Hafidz Olii,Management strategies for the potential and value of mangrove forest ecosystem services in Panango area,0.372256,124.047348,2024,"Panango area, South Bolaang Mongondow Regency, North Sulawesi","The Panango area is an area that has mangrove forests in its coastal areas that are used for ecotourism, fisheries, and environmental conservation. Mangrove forests in the area have the potential and value of important benefits to the surrounding community which has been using them for a long time, but data and information are not yet available, so it is necessary to identify and assess the ecosystem services in the area. The purpose of this study was to determine the potential and value of the benefits of mangrove ecosystem services in the Panango area in terms of provisioning, regulating, cultural, and supporting functions, and to determine strategies for managing the mangrove forest in the area. This research uses primary data obtained through field observations, namely observation of research objects, completion of questionnaires, and interviews with respondents. Secondary data was obtained from local government data and other data sources relevant to the research. The research data analysis technique was carried out by calculating the total economic value of each mangrove ecosystem service and SWOT analysis to determine mangrove area management strategies. This study concluded that the economic value of the potential and benefits of mangrove forest ecosystem services in the Panango area in total Rp. 26,259,380,092/year consisting of the value of service providers of Rp. 684,300,000/year, the potential for regulatory services as a wave breaker with a benefit value of Rp. 9,705,300,000/10 years, the potential value as a cultural service of Rp. 15,846,000,000/year, and the potential value as a supporting service of Rp. 23,780,092/year. Strategies that can be used in sustainable management of the potential and value of the benefits of mangrove forest ecosystem services in Panango area are through conservation efforts to protect and manage the area by involving joint participation between local governments and communities and other stakeholders.",https://wjarr.com/content/management-strategies-potential-and-value-mangrove-forest-ecosystem-services-panango-area
"Nuryadin, Rusmin; Fitria, Syawalina; et al.","Analysis of the Economic Value of Environmental Services of Mangrove Ecosystem in Cendi Manik, West Lombok",-8.727389,115.857558,2024,"Cendi Manik, Sekotong District, West Lombok Regency, West Nusa Tenggara","The area of mangrove ecosystems in West Nusa Tenggara Province continues to decline each year. One of the threatening factors that substantially contribute to such condition is socioeconomic activities of human beings in fulfilling their needs. An effort that can be made primarily to preserve the mangrove ecosystem is to quantify the economic value of environmental services provided by the mangrove ecosystem as a whole, so that the existence and sustainability of the mangrove ecosystem could be maintained. This research aims to calculate the total economic value of mangrove ecosystem services which indicate the four categories of ecosystem services including supporting services, provisioning services, regulatory services and cultural services. The research was carried out using a survey method by collecting data and information from location of this study to obtain actual data regarding the existence of the mangrove ecosystem. The results of the analysis show that the total economic value of mangrove ecosystem environmental services is 963,888,060/year. This value is divided into provider services (supply services) amounting to Rp. 153,002,250, regulatory services (arrangement services) Rp. 598,339,702, supporting services (support services) Rp. 2,243,250, and cultural services (cultural services) Rp. 210,308,857. The magnitude of the total economic value of mangrove ecosystem environmental services can be a reference for the government in determining compensation for services if there is degradation to mangrove ecosystem resources in the area.",https://jurnalfkip.unram.ac.id/index.php/JBT/article/view/5749
"Siregar, Mahmul; Ekaputra, Mohammad; et al.",Empowering Coastal Communities via Carbon Trading Initiatives in Tanjung Rejo Village,3.755339,98.756388,2023,"Tanjung Rejo Village, Deli Serdang Regency, North Sumatra Province","In Tanjung Rejo Village, a Mangrove Ecotourism destination located in Deli Serdang Regency, a significant gap in knowledge pertaining to Carbon Trading has been identified. This knowledge deficit has resulted in the mangrove plantation being undertaken merely as a routine task, neglecting the potential financial benefits that these mangroves could generate for Tanjung Rejo Village. It is therefore considered imperative to conduct an educational campaign aimed at raising community awareness regarding the critical importance of preserving and efficiently managing their mangrove forests as a valuable local asset. To address this issue, the Participatory Rural Appraisal (PRA) methodology will be employed, involving active engagement with the residents of Tanjung Rejo Village. The PRA method is specifically designed to instill awareness and facilitate self-realization within the community. This will be achieved through a series of structured activities, including group discussions and the exchange of experiences and knowledge. The project will be executed in a systematic manner. It will commence with a pre-test assessment that includes written evaluations and discussion sessions. The purpose of this initial phase is to ascertain the baseline knowledge levels of 30 community members and 10 village government officials regarding the concept of Carbon Trading. Following this, knowledge dissemination will be carried out through lectures and discussions, featuring invited subject matter experts. Subsequently, a post-test will be administered to gauge the extent of knowledge acquired by the participants concerning Carbon Trading. This initiative is being undertaken in Tanjung Rejo Village, which boasts a substantial mangrove forest covering an impressive 602,181 hectares. This vast natural resource presents a significant opportunity for the community to derive supplementary income through the carbon sequestration properties of the mangroves. By imparting knowledge and raising awareness among 30 residents and 10 village officials, the project aims to lay the groundwork for Tanjung Rejo Village to more effectively harness their mangrove forest as a valuable village asset. This community engagement effort also involves collaboration with esteemed professors from Jindal Global University (JGU) in India, who will serve as valuable partners in the endeavor. Funding for the project is secured from both USU and JGU sources.",https://www.researchgate.net/publication/374147127_Empowering_Coastal_Communities_Enhancing_Income_via_Carbon_Trading_Initiatives_Collaboration_between_JGU-FH_and_USU
"Hermialingga, Septi; Kurniawan, Agung; et al.","Economic Valuation of Mangrove Carbon Stock on Payung Island, Banyuasin Regency, South Sumatra Province",-2.1535,104.6608,2023,"Payung Island, Banyuasin Regency, South Sumatra Province","This study aims to conduct an economic valuation of mangrove carbon stocks found on Payung Island, Banyuasin Regency, South Sumatra Province. Mangroves are coastal ecosystems that play an important role in storing carbon and providing ecological and socio-economic benefits to local communities. The research method used is a field survey and analysis of the latest data on carbon content in mangrove ecosystems. In addition, interviews were also conducted with relevant stakeholders to understand the economic benefits generated from mangrove ecosystems, such as income from the fisheries sector, tourism, and conservation efforts. The results of this study are expected to provide information about the economic value of mangrove carbon stocks on Payung Island. The implications of this research are expected to be used as a basis for decision making related to mangrove ecosystem management and preservation. In addition, this research can also provide a better understanding of the importance of mangrove conservation as a valuable natural resource, both in terms of environment and economy.",https://joss.al-makkipublisher.com/index.php/js/article/view/95/205
